49146
1837
48697
21694
42389
62981
11622
35379
2538
9750
20611
54582
33212
55675
16139
62384
18641
46365
33640
10268
33921
7590
53177
5827
38639
6640
51831
54518
13700
58660
41749
31340
6008
10106
41215
52311
21736
5192
9087
18746
33466
4597
65254
53924
23321
48594
60866
61513
19576
65093
846
38307
41368
55719
63977
63924
31341
9236
40060
24222
28776
538
55125
11856
17979
13913
39906
2340
17657
13463
19852
58589
4918
51784
62525
9373
43172
39611
46696
18175
5578
49360
55080
60727
54813
12601
37258
16051
18297
19234
1692
5879
15971
47633
9279
45332
59299
65263
63031
15325
